bormann: False
cv2thresh: 150
minVal: 30
maxVal: 90
apertureSize: 5
rho: 1
theta: 0.017453292519943295
thresholdHough: 25
minLineLength: 10
maxLineGap: 5
offset: 20
diagonals: False
h: 0.023
minOffset: 1e-05
sogliaLateraleClusterMura: 5
th1: 0.1
distance_extended_segment: 20
threshold_edges: 0.1
sigma: 0.125
eps: 0.85
minPts: 1
division_threshold: 5
filter_level: 0.18
th_post: 750
th_margin: 1000
threshold_color: 200
tab_sliding: [[0.18, 0.1, 70.01025349326451, 59.5883586785527, 58.166924427491665, 44.36236661894102], [0.18, 0.1, 72.9728969016014, 62.335203607448975, 65.73948361361833, 43.03506457836718], [0.18, 0.1, 23.5624489897566, 22.99776898835563, 34.72900052790927, 20.81142228201052], [0.18, 0.1, 90.41786079070519, 90.4379962231202, 87.14679054848689, 87.93213204630194], [0.18, 0.1, 73.14366689566467, 59.986325344545186, 68.9680471809515, 56.846146198964576], [0.18, 0.1, 65.06793474928953, 58.06370576806076, 71.90587723485731, 66.62746457990943], [0.18, 0.1, 20.690492792562175, 21.191532980877504, 28.48641830514801, 17.475594644648158], [0.18, 0.1, 90.21324343589927, 91.85968495615154, 88.67577619607424, 84.46433743762945], [0.18, 0.1, 76.9819094572325, 63.061633539335226, 66.88518589444165, 55.837915587240495], [0.18, 0.1, 73.67846447065364, 59.35721751248403, 73.56407977631702, 55.728287005066846], [0.18, 0.1, 23.900044807751453, 24.116150325575344, 33.27947720992312, 25.629478559426545], [0.18, 0.1, 91.2740230422037, 91.37363577719559, 84.07218078776553, 80.93452682542363], [0.18, 0.1, 76.97003659374818, 66.81928121704314, 66.82190979522909, 55.81698374562728], [0.18, 0.1, 73.5016347007528, 72.09688227973322, 71.17504091259381, 67.441705015811], [0.18, 0.1, 30.226653582270448, 30.523827709114475, 53.23342121452653, 37.34130533157075], [0.18, 0.1, 92.62229760452047, 92.42756688167495, 85.30818051675419, 81.83369110834934], [0.18, 0.1, 69.48901429457086, 59.514474547520365, 47.70092965585431, 27.47347075874252], [0.18, 0.1, 71.94968411654615, 60.05512117671729, 51.10639400887506, 22.36200490944072], [0.18, 0.1, 32.97504670550952, 26.520458718774904, 42.16280064801652, 23.96901610040448], [0.18, 0.1, 78.24010835773045, 74.72548167463422, 74.99975582654363, 60.98105230191043], [0.18, 0.1, 77.22060783840715, 76.43195282653231, 68.17618776181217, 62.51798839084789], [0.18, 0.1, 71.44905932064034, 73.78561427295247, 64.40252198912584, 59.01405747733052], [0.18, 0.1, 24.31920216972651, 27.20751693118958, 37.69849352875691, 30.957151564668195], [0.18, 0.1, 83.79273986675133, 68.40852067977795, 65.11465621434786, 42.027948226117886], [0.18, 0.1, 71.65094198004395, 65.84889565664898, 51.77207845801307, 41.77601272030196], [0.18, 0.1, 73.3827038151608, 65.8264682434228, 55.41138160765681, 37.60535482549006], [0.18, 0.1, 28.301250077989256, 25.13779390218377, 39.699967418955175, 31.817403936083416], [0.18, 0.1, 76.58708324286238, 62.16924461306483, 73.59962937625093, 58.74700616272026], [0.18, 0.1, 77.2374333576428, 67.08497281328393, 67.02884383463045, 55.80459183272721], [0.18, 0.1, 70.4312224699941, 58.03511733438283, 73.56436313845337, 55.452283402868375], [0.18, 0.1, 23.368449845204513, 24.43277149945966, 38.25987974454194, 30.09815570292243], [0.18, 0.1, 91.14882132836233, 90.87478016875136, 84.10963575178482, 81.18872583804037], [0.18, 0.1, 64.7978321438883, 65.54375189328654, 44.58052405090168, 30.130817154903873], [0.18, 0.1, 70.25407141316846, 52.18385440970602, 44.72997154298193, 17.032498304491924], [0.18, 0.1, 35.18253574602348, 34.83518360375747, 46.82716740103855, 42.467446584056304], [0.18, 0.1, 87.75050953811942, 78.09344030202926, 61.000075996212935, 37.306369122084035], [0.18, 0.1, 66.46613655976014, 60.218052350900784, 40.25808286767152, 22.574871438561463], [0.18, 0.1, 74.61876392698042, 57.451818989813056, 56.60885754231624, 23.769772759087303], [0.18, 0.1, 33.099476180690566, 33.059962779547675, 44.033545495064615, 35.35955077106459], [0.18, 0.1, 80.9771254035623, 76.27338364196736, 66.71665317623845, 57.26101059301486], [0.18, 0.1, 67.4355229160967, 54.838960786221655, 64.36682708721109, 53.6731996947531], [0.18, 0.1, 59.55635480155824, 47.17486501424259, 64.59034807298129, 44.28384495213171], [0.18, 0.1, 21.702781420554263, 24.53326271070752, 32.179710040714646, 21.738347202538183], [0.18, 0.1, 86.33305218257719, 84.70055873297845, 78.23677491806575, 65.7829837022474], [0.18, 0.1, 68.41233711973447, 56.990553640939176, 43.55512535556715, 23.115558557249233], [0.18, 0.1, 72.1961527755689, 59.81347150259067, 51.29286050461944, 22.026833452704167], [0.18, 0.1, 37.01240905958409, 26.807470594977943, 41.661973167636354, 21.50996289390708], [0.18, 0.1, 85.68247372919531, 78.37281404867886, 68.39983051313449, 42.91933418693982], [0.18, 0.1, 76.61097141500517, 74.4948174370114, 68.08155672643498, 62.385121591467794], [0.18, 0.1, 78.93286521303767, 77.52713060635956, 71.857612303917, 63.86402873414958], [0.18, 0.1, 27.768917446705615, 26.156254844210196, 38.33884490775304, 29.25978705409382], [0.18, 0.1, 85.97807546730427, 77.16048075769444, 68.69450191045419, 51.244853121927235]]
tab_comparison: [[''], ['precision_micro'], ['precision_macro'], ['recall_micro'], ['recall_macro'], ['iou_micro_mean_seg_to_gt'], ['iou_macro_seg_to_gt'], ['iou_micro_mean_gt_to_seg'], ['iou_macro_gt_to_seg']]
total_index: [['map', 'map10', 'map15', 'map12', 'map13', 'map5', 'map8', 'map6', 'map11', 'map2', 'map3', 'map14', 'map4', 'map9'], ['prec micro', 92.69904964782246, 95.21839781300147, 92.53667910157161, 93.28260109092054, 91.05408427932944, 86.12691588232107, 89.5443398396496, 92.46438145869249, 89.6622005496708, 83.60437322663087, 91.94320803781143, 90.5822896908179, 86.82438733200935], ['prec macro', 93.71817352879287, 95.76367181455232, 93.1012280431123, 93.59415362788269, 87.13050234789365, 69.99861815166877, 84.18491684505187, 92.83080566807067, 79.42404607631389, 79.4235703238841, 88.77524704520722, 83.45536944446852, 78.21144725264506], ['rec micro', 96.84317200144692, 96.9938589392698, 98.81428068262335, 99.38696034270376, 94.92816626413952, 97.43498993664926, 93.01604802526508, 98.45015500475682, 98.24137158782723, 97.18324508229924, 96.87130064768124, 96.01538012871659, 97.30873375646578], ['rec macro', 96.31785289911274, 97.3218727370045, 98.07685748006249, 98.71345826235094, 93.36649940917576, 97.59199893634309, 88.42319209086803, 97.81215590526409, 98.25685628452369, 95.83122925984706, 96.77999398488542, 93.81800370849805, 96.83546600666294], ['iou mean seg', 90.41786079070519, 90.21324343589927, 91.2740230422037, 92.62229760452047, 78.24010835773045, 83.79273986675133, 76.58708324286238, 91.14882132836233, 87.75050953811942, 80.9771254035623, 86.33305218257719, 85.68247372919531, 85.97807546730427], ['iou seg', 90.4379962231202, 91.85968495615154, 91.37363577719559, 92.42756688167495, 74.72548167463422, 68.40852067977795, 62.16924461306483, 90.87478016875136, 78.09344030202926, 76.27338364196736, 84.70055873297845, 78.37281404867886, 77.16048075769444], ['iou mean gt', 87.14679054848689, 88.67577619607424, 84.07218078776553, 85.30818051675419, 74.99975582654363, 65.11465621434786, 73.59962937625093, 84.10963575178482, 61.000075996212935, 66.71665317623845, 78.23677491806575, 68.39983051313449, 68.69450191045419], ['iou gt', 87.93213204630194, 84.46433743762945, 80.93452682542363, 81.83369110834934, 60.98105230191043, 42.027948226117886, 58.74700616272026, 81.18872583804037, 37.306369122084035, 57.26101059301486, 65.7829837022474, 42.91933418693982, 51.244853121927235]]
total_index_morphological: [['map', 'map10_1 morphological', 'map15_1 morphological', 'map12_1 morphological', 'map13_1 morphological', 'map5_1 morphological', 'map8_1 morphological', 'map6_1 morphological', 'map11_1 morphological', 'map2_1 morphological', 'map3_1 morphological', 'map14_1 morphological', 'map4_1 morphological', 'map9_1 morphological'], ['prec micro', 72.77556410426283, 80.92354746526102, 78.33863081329748, 78.42582959204556, 73.03046759383706, 79.55687980002175, 74.32161314019773, 78.55813658661283, 77.01906990054425, 78.28711156705789, 79.64324935005597, 71.57254815533669, 78.94945165195996], ['prec macro', 63.76376516798765, 72.76964501253444, 70.9018839831253, 70.81030075087334, 62.8188236883889, 80.31811603162251, 76.9026840111971, 70.89461856252775, 75.29037676985841, 70.45976703229901, 70.89993017945766, 59.754079183383446, 79.48551030481654], ['rec micro', 93.90274480101904, 92.73172859011835, 94.79268428119502, 94.81916500606732, 91.69548983570849, 93.80641707871013, 89.70758944949313, 94.80828500121714, 96.13984291846029, 89.36491504701345, 90.77536936953446, 91.96516997942773, 94.0472749445215], ['rec macro', 95.45975253125378, 93.61921853845911, 97.19476337638062, 97.20408858603066, 94.5490041614577, 95.62644960186731, 94.05560481105405, 97.17953452744894, 92.79847853474173, 90.53257105756745, 92.26481861869932, 94.59643844243082, 95.77941165796904], ['iou mean seg', 70.01025349326451, 73.14366689566467, 76.9819094572325, 76.97003659374818, 69.48901429457086, 77.22060783840715, 71.65094198004395, 77.2374333576428, 64.7978321438883, 66.46613655976014, 67.4355229160967, 68.41233711973447, 76.61097141500517], ['iou seg', 59.5883586785527, 59.986325344545186, 63.061633539335226, 66.81928121704314, 59.514474547520365, 76.43195282653231, 65.84889565664898, 67.08497281328393, 65.54375189328654, 60.218052350900784, 54.838960786221655, 56.990553640939176, 74.4948174370114], ['iou mean gt', 58.166924427491665, 68.9680471809515, 66.88518589444165, 66.82190979522909, 47.70092965585431, 68.17618776181217, 51.77207845801307, 67.02884383463045, 44.58052405090168, 40.25808286767152, 64.36682708721109, 43.55512535556715, 68.08155672643498], ['iou gt', 44.36236661894102, 56.846146198964576, 55.837915587240495, 55.81698374562728, 27.47347075874252, 62.51798839084789, 41.77601272030196, 55.80459183272721, 30.130817154903873, 22.574871438561463, 53.6731996947531, 23.115558557249233, 62.385121591467794]]
total_index_distance: [['map', 'map10_2 distance', 'map15_2 distance', 'map12_2 distance', 'map13_2 distance', 'map5_2 distance', 'map8_2 distance', 'map6_2 distance', 'map11_2 distance', 'map2_2 distance', 'map3_2 distance', 'map14_2 distance', 'map4_2 distance', 'map9_2 distance'], ['prec micro', 86.24594679076732, 90.52224984771588, 88.88198868054639, 88.97634213989618, 81.77194461912796, 83.19680340483737, 82.07049458938295, 89.67132630270468, 74.77001952792628, 85.14112382751374, 86.32248552666702, 82.26259958504596, 86.44902401758866], ['prec macro', 76.21098407799677, 91.56386369966884, 82.27419365656375, 90.71915195481375, 67.72406337623728, 84.70075710742779, 81.57582743289971, 82.35119968779857, 53.67410607151428, 67.60980145001385, 76.77491995798187, 67.52164155177942, 87.69574143888289], ['rec micro', 90.4785742963355, 81.84038057629492, 91.15672394337635, 87.48858332474775, 90.6067146197987, 87.4983708258538, 90.03158931913286, 91.03432386860175, 96.99044186678385, 91.09390303090002, 83.61484076024027, 91.34471313558734, 92.18172978430682], ['rec macro', 90.30403506400177, 83.4784798967287, 91.39054324171289, 89.37921635434412, 92.35696059459183, 90.85624381380096, 92.10257782833436, 90.99147157991206, 96.74265917240042, 91.87166354061463, 84.89118401771259, 92.53227442885631, 93.43504358492346], ['iou mean seg', 72.9728969016014, 65.06793474928953, 73.67846447065364, 73.5016347007528, 71.94968411654615, 71.44905932064034, 73.3827038151608, 70.4312224699941, 70.25407141316846, 74.61876392698042, 59.55635480155824, 72.1961527755689, 78.93286521303767], ['iou seg', 62.335203607448975, 58.06370576806076, 59.35721751248403, 72.09688227973322, 60.05512117671729, 73.78561427295247, 65.8264682434228, 58.03511733438283, 52.18385440970602, 57.451818989813056, 47.17486501424259, 59.81347150259067, 77.52713060635956], ['iou mean gt', 65.73948361361833, 71.90587723485731, 73.56407977631702, 71.17504091259381, 51.10639400887506, 64.40252198912584, 55.41138160765681, 73.56436313845337, 44.72997154298193, 56.60885754231624, 64.59034807298129, 51.29286050461944, 71.857612303917], ['iou gt', 43.03506457836718, 66.62746457990943, 55.728287005066846, 67.441705015811, 22.36200490944072, 59.01405747733052, 37.60535482549006, 55.452283402868375, 17.032498304491924, 23.769772759087303, 44.28384495213171, 22.026833452704167, 63.86402873414958]]
total_index_voronoi: [['map', 'map10_3 voronoi', 'map15_3 voronoi', 'map12_3 voronoi', 'map13_3 voronoi', 'map5_3 voronoi', 'map8_3 voronoi', 'map6_3 voronoi', 'map11_3 voronoi', 'map2_3 voronoi', 'map3_3 voronoi', 'map14_3 voronoi', 'map4_3 voronoi', 'map9_3 voronoi'], ['prec micro', 85.70154323562407, 77.22509372950843, 76.50688014697953, 82.67732540371907, 83.1577158819371, 82.85557967781695, 76.1465285847875, 78.5222511287727, 90.67538797480555, 86.99921823815745, 75.77966428344143, 85.86258135605566, 80.18127845422482], ['prec macro', 55.38402188398681, 51.95444275943177, 59.6905411840455, 70.60685556730422, 64.64815377858855, 61.24060888601206, 65.26099127284702, 62.21757209565205, 85.65634749220062, 74.95731309392907, 56.52130155555136, 62.82332348379158, 60.353103606149276], ['rec micro', 81.19767902116837, 81.18177690633117, 80.12419283207343, 78.76362704120369, 74.06685369468985, 76.13885507575387, 76.7773785678513, 80.12234178865978, 75.67017637421117, 74.09025959214631, 82.59830589394082, 79.16139854201992, 78.75278978923586], ['rec macro', 77.49372078296321, 73.62110764774408, 69.61448462645737, 71.41260647359455, 65.10112513486206, 70.52857839299168, 66.8679636661704, 70.33792240300374, 65.34426785541234, 68.47947626605108, 75.67462069583357, 71.54077598572577, 73.32138165296095], ['iou mean seg', 23.5624489897566, 20.690492792562175, 23.900044807751453, 30.226653582270448, 32.97504670550952, 24.31920216972651, 28.301250077989256, 23.368449845204513, 35.18253574602348, 33.099476180690566, 21.702781420554263, 37.01240905958409, 27.768917446705615], ['iou seg', 22.99776898835563, 21.191532980877504, 24.116150325575344, 30.523827709114475, 26.520458718774904, 27.20751693118958, 25.13779390218377, 24.43277149945966, 34.83518360375747, 33.059962779547675, 24.53326271070752, 26.807470594977943, 26.156254844210196], ['iou mean gt', 34.72900052790927, 28.48641830514801, 33.27947720992312, 53.23342121452653, 42.16280064801652, 37.69849352875691, 39.699967418955175, 38.25987974454194, 46.82716740103855, 44.033545495064615, 32.179710040714646, 41.661973167636354, 38.33884490775304], ['iou gt', 20.81142228201052, 17.475594644648158, 25.629478559426545, 37.34130533157075, 23.96901610040448, 30.957151564668195, 31.817403936083416, 30.09815570292243, 42.467446584056304, 35.35955077106459, 21.738347202538183, 21.50996289390708, 29.25978705409382]]
comp: [1.5707963267948966, -1.5681805127619324, -0.0039237210494458274, 3.140284746573312]
voronoi_closeness: 10
blur: 8
iterations: 5
