bormann: False
cv2thresh: 150
minVal: 30
maxVal: 90
apertureSize: 5
rho: 1
theta: 0.017453292519943295
thresholdHough: 25
minLineLength: 10
maxLineGap: 5
offset: 20
diagonals: False
h: 0.023
minOffset: 1e-05
sogliaLateraleClusterMura: 5
th1: 0.1
distance_extended_segment: 20
threshold_edges: 0.1
sigma: 0.125
eps: 0.85
minPts: 1
division_threshold: 5
filter_level: 0.18
th_post: 750
th_margin: 1000
threshold_color: 200
tab_sliding: [[0.18, 0.1, 67.3211136675988, 62.7605245453973, 82.43356328563094, 78.5154934873573], [0.18, 0.1, 63.386113112891216, 59.79468707789284, 78.69382894376359, 73.20434948817058], [0.18, 0.1, 27.334850990615884, 25.520466704769518, 64.67125240422108, 58.88854235702312], [0.18, 0.1, 95.06582255749372, 92.66198887007016, 92.15365844533942, 88.06840601327708], [0.18, 0.1, 73.17578378521368, 64.35355593532273, 68.93982632198691, 56.865550590683725], [0.18, 0.1, 65.1466068373138, 61.31036055648856, 71.97229458268006, 66.69349605356487], [0.18, 0.1, 20.676385950949445, 22.99050902164426, 28.488895651989708, 17.48166953734271], [0.18, 0.1, 90.26679259585255, 91.92735570980317, 88.72932535602752, 84.52059290050867], [0.18, 0.1, 55.64247556968491, 47.68716045750032, 38.84060129673714, 21.170227041810712], [0.18, 0.1, 52.387143127376426, 74.8781048380477, 45.059148499495336, 21.593030202301726], [0.18, 0.1, 44.22804287870198, 15.07433078201926, 72.75413411777821, 45.29714390173838], [0.18, 0.1, 80.44631877045927, 56.23209128728812, 80.29568283374573, 48.66443737158052], [0.18, 0.1, 45.08169983795315, 26.18213573936339, 35.18287936078144, 24.482585103464814], [0.18, 0.1, 36.909921777824735, 26.499706724018413, 24.153584165160026, 23.730963254999267], [0.18, 0.1, 30.56285512932091, 13.707833714365696, 34.87483887049259, 18.217140268751137], [0.18, 0.1, 64.15590206319335, 42.76147658036397, 50.608721035145486, 23.08463381196523], [0.18, 0.1, 58.55856610481885, 52.49189945740744, 80.35919284140766, 77.6925166782383], [0.18, 0.1, 71.81102221098318, 67.18094646639261, 90.8420811303422, 89.97772527843402], [0.18, 0.1, 34.04732378580606, 29.47010273433943, 65.19379773007516, 58.00081014137631], [0.18, 0.1, 85.27755978426447, 77.39994496590944, 86.91563864801765, 73.3117548075686], [0.18, 0.1, 33.02434896746383, 22.286421130840775, 35.04217620478226, 18.499487488318323], [0.18, 0.1, 39.31218565553726, 25.25748116254037, 43.83075170746984, 30.660172645446654], [0.18, 0.1, 10.235655080041285, 8.309012589205432, 41.508855750650966, 30.896455354231684], [0.18, 0.1, 38.15670643762155, 29.39586088675734, 54.82494889565673, 44.99054042287081], [0.18, 0.1, 48.97221488981926, 27.199627336763925, 37.590449722172266, 20.067911138275566], [0.18, 0.1, 76.20244638781908, 69.28308158177805, 44.97078503172118, 11.799652075699047], [0.18, 0.1, 29.885501617993043, 11.17997426626182, 65.83717693759151, 48.92309553049756], [0.18, 0.1, 50.72408115633292, 19.22144026210139, 48.95422511853813, 19.560403981325784], [0.18, 0.1, 52.3630521047175, 49.72888346956901, 43.68056013008197, 31.355080474029158], [0.18, 0.1, 60.12171277319487, 59.67647338111011, 59.663784683605336, 50.42764100393002], [0.18, 0.1, 46.51107540264754, 31.302486969016062, 29.21773521769188, 12.497700224883795], [0.18, 0.1, 82.73140321966989, 73.63347448301361, 82.5571784072019, 65.1782561448193], [0.18, 0.1, 42.92507193172618, 24.593173095345517, 68.02964595213254, 44.22583307118205], [0.18, 0.1, 46.61223142654672, 31.526274244474518, 59.21746459192948, 44.889314060200746], [0.18, 0.1, 18.367597727732445, 11.337227407073575, 52.159988301640084, 40.415896355532624], [0.18, 0.1, 89.25816694157622, 85.53581493195288, 84.80422498102847, 78.45426239487028], [0.18, 0.1, 54.78331578582251, 27.03346183938104, 44.32434112752111, 24.055500892216866], [0.18, 0.1, 61.82324638424248, 35.297158211130345, 43.17728726174467, 14.721426571619322], [0.18, 0.1, 34.043816834048435, 11.752916628771253, 69.82869764764804, 49.269214863827024], [0.18, 0.1, 75.95154290793307, 38.960114206311076, 29.40153773894903, 6.497433314489679]]
tab_comparison: [[''], ['precision_micro'], ['precision_macro'], ['recall_micro'], ['recall_macro'], ['iou_micro_mean_seg_to_gt'], ['iou_macro_seg_to_gt'], ['iou_micro_mean_gt_to_seg'], ['iou_macro_gt_to_seg']]
total_index: [['map', 'freiburg_building79', 'map15', 'freiburg_building101', 'map17', 'freiburg_building52', 'map_with_clutter', 'NOGT-intel_map', 'photo_2020-01-08_09-53-31', 'g4s_y2', 'map23'], ['prec micro', 95.48956602022184, 95.211427163364, 99.07135875802075, 79.78177409305232, 95.30639501597551, 67.87090810672856, 86.6111063987398, 91.58256399301085, 91.6915537032558, 88.79235789264244], ['prec macro', 93.34769806758575, 95.74943517687475, 98.80022155842614, 77.3204518522735, 85.70383912248629, 68.00947324350277, 69.24034223489758, 85.09239257603863, 89.41267416944675, 52.487659495203495], ['rec micro', 99.56691221548263, 97.05633736827721, 90.84612992504174, 91.27124871065591, 96.74044137937176, 85.26379662932652, 92.60101783106299, 98.27420935506504, 94.32043606276473, 97.71979410062005], ['rec macro', 99.246511082444, 97.41289643390719, 71.85746296773682, 93.17325850045891, 96.80172314215243, 71.7074733976114, 79.18441552950627, 97.63936999812296, 92.98670393593714, 97.55300536439833], ['iou mean seg', 95.06582255749372, 90.26679259585255, 80.44631877045927, 64.15590206319335, 85.27755978426447, 38.15670643762155, 50.72408115633292, 82.73140321966989, 89.25816694157622, 75.95154290793307], ['iou seg', 92.66198887007016, 91.92735570980317, 56.23209128728812, 42.76147658036397, 77.39994496590944, 29.39586088675734, 19.22144026210139, 73.63347448301361, 85.53581493195288, 38.960114206311076], ['iou mean gt', 92.15365844533942, 88.72932535602752, 80.29568283374573, 50.608721035145486, 86.91563864801765, 54.82494889565673, 48.95422511853813, 82.5571784072019, 84.80422498102847, 29.40153773894903], ['iou gt', 88.06840601327708, 84.52059290050867, 48.66443737158052, 23.08463381196523, 73.3117548075686, 44.99054042287081, 19.560403981325784, 65.1782561448193, 78.45426239487028, 6.497433314489679]]
total_index_morphological: [['map', 'freiburg_building79_1 morphological', 'map15_1 morphological', 'freiburg_building101_1 morphological', 'map17_1 morphological', 'freiburg_building52_1 morphological', 'map_with_clutter_1 morphological', 'NOGT-intel_map_1 morphological', 'photo_2020-01-08_09-53-31_1 morphological', 'g4s_y2_1 morphological', 'map23_1 morphological'], ['prec micro', 93.70053433247944, 80.76100817737701, 80.95388062008732, 74.26669718288483, 92.36771568183386, 82.09485542703368, 81.91490358373935, 82.25102256609101, 93.23279392553808, 82.47374338660428], ['prec macro', 93.45077720207254, 72.72384017826747, 87.65876036700189, 68.72842809018417, 93.61156510500366, 59.100503845133915, 71.45618409314454, 63.20486132370048, 79.8090615535811, 70.95836825929031], ['rec micro', 88.9118883992124, 92.77042089741813, 88.591682811582, 89.37381160572451, 89.53348258612867, 60.96823581173042, 81.23442650969655, 80.59263637978638, 82.33839506422983, 91.60263259545013], ['rec macro', 87.74676517728001, 93.70181488088859, 65.69533403398839, 71.08999989450253, 87.43859267664585, 59.840928188060026, 62.469479002610804, 83.15444601812194, 73.2828435446098, 69.52221670626906], ['iou mean seg', 67.3211136675988, 73.17578378521368, 55.64247556968491, 45.08169983795315, 58.55856610481885, 33.02434896746383, 48.97221488981926, 52.3630521047175, 42.92507193172618, 54.78331578582251], ['iou seg', 62.7605245453973, 64.35355593532273, 47.68716045750032, 26.18213573936339, 52.49189945740744, 22.286421130840775, 27.199627336763925, 49.72888346956901, 24.593173095345517, 27.03346183938104], ['iou mean gt', 82.43356328563094, 68.93982632198691, 38.84060129673714, 35.18287936078144, 80.35919284140766, 35.04217620478226, 37.590449722172266, 43.68056013008197, 68.02964595213254, 44.32434112752111], ['iou gt', 78.5154934873573, 56.865550590683725, 21.170227041810712, 24.482585103464814, 77.6925166782383, 18.499487488318323, 20.067911138275566, 31.355080474029158, 44.22583307118205, 24.055500892216866]]
total_index_distance: [['map', 'freiburg_building79_2 distance', 'map15_2 distance', 'freiburg_building101_2 distance', 'map17_2 distance', 'freiburg_building52_2 distance', 'map_with_clutter_2 distance', 'NOGT-intel_map_2 distance', 'photo_2020-01-08_09-53-31_2 distance', 'g4s_y2_2 distance', 'map23_2 distance'], ['prec micro', 96.459328532925, 90.3596084214838, 90.17705319037492, 67.5809004858594, 94.78772453017234, 79.72822013732917, 92.64629947510312, 91.76519030037302, 87.08771649238787, 87.7608357263556], ['prec macro', 98.30051813471503, 91.51867784964872, 91.37084819103329, 69.43425321735171, 99.12741993941177, 62.22275258552108, 77.71862204634353, 81.76467887099736, 80.74530175093764, 72.18543354754587], ['rec micro', 85.01644709571204, 81.90217440206999, 84.27090840776961, 91.48707157480429, 91.30117730355482, 62.59805888786848, 85.25236188223963, 77.64642529560327, 69.96662546584908, 94.31647913324375], ['rec macro', 84.21533560064111, 83.57529643895029, 92.10275833349858, 65.5339754612877, 90.57503754085327, 52.05387851092232, 89.22489879184415, 80.48768834360015, 57.95950744126313, 82.36496223714207], ['iou mean seg', 63.386113112891216, 65.1466068373138, 52.387143127376426, 36.909921777824735, 71.81102221098318, 39.31218565553726, 76.20244638781908, 60.12171277319487, 46.61223142654672, 61.82324638424248], ['iou seg', 59.79468707789284, 61.31036055648856, 74.8781048380477, 26.499706724018413, 67.18094646639261, 25.25748116254037, 69.28308158177805, 59.67647338111011, 31.526274244474518, 35.297158211130345], ['iou mean gt', 78.69382894376359, 71.97229458268006, 45.059148499495336, 24.153584165160026, 90.8420811303422, 43.83075170746984, 44.97078503172118, 59.663784683605336, 59.21746459192948, 43.17728726174467], ['iou gt', 73.20434948817058, 66.69349605356487, 21.593030202301726, 23.730963254999267, 89.97772527843402, 30.660172645446654, 11.799652075699047, 50.42764100393002, 44.889314060200746, 14.721426571619322]]
total_index_voronoi: [['map', 'freiburg_building79_3 voronoi', 'map15_3 voronoi', 'freiburg_building101_3 voronoi', 'map17_3 voronoi', 'freiburg_building52_3 voronoi', 'map_with_clutter_3 voronoi', 'NOGT-intel_map_3 voronoi', 'photo_2020-01-08_09-53-31_3 voronoi', 'g4s_y2_3 voronoi', 'map23_3 voronoi'], ['prec micro', 96.14359412613017, 72.96731599862233, 90.99480950329252, 74.37739934812895, 96.89064427840049, 72.64246020653268, 94.2667752117017, 75.578384236215, 95.51414894754228, 81.89919532943225], ['prec macro', 98.93264248704664, 51.84921543746711, 94.00016026283105, 57.772097138924394, 97.37610525667941, 73.9803765579422, 90.03591280279983, 39.18141186554828, 92.73551414990273, 83.0450777684642], ['rec micro', 64.78608243304531, 81.22567717427381, 82.46793801393592, 90.94070261011825, 66.28219491401624, 55.914757838428464, 76.76662831664456, 82.76574226831129, 54.61857236976856, 84.38260254406593], ['rec macro', 59.04968531331848, 73.70660581341839, 51.59332923516231, 62.793678591397736, 59.34784233521094, 41.84441545398803, 55.582039383977936, 84.15337098783338, 42.60935257233512, 60.293812867808306], ['iou mean seg', 27.334850990615884, 20.676385950949445, 44.22804287870198, 30.56285512932091, 34.04732378580606, 10.235655080041285, 29.885501617993043, 46.51107540264754, 18.367597727732445, 34.043816834048435], ['iou seg', 25.520466704769518, 22.99050902164426, 15.07433078201926, 13.707833714365696, 29.47010273433943, 8.309012589205432, 11.17997426626182, 31.302486969016062, 11.337227407073575, 11.752916628771253], ['iou mean gt', 64.67125240422108, 28.488895651989708, 72.75413411777821, 34.87483887049259, 65.19379773007516, 41.508855750650966, 65.83717693759151, 29.21773521769188, 52.159988301640084, 69.82869764764804], ['iou gt', 58.88854235702312, 17.48166953734271, 45.29714390173838, 18.217140268751137, 58.00081014137631, 30.896455354231684, 48.92309553049756, 12.497700224883795, 40.415896355532624, 49.269214863827024]]
comp: [1.5498384038223163, -1.5938500420647355, -0.009431065337661249, 3.13425738054939]
voronoi_closeness: 10
blur: 8
iterations: 5
