bormann: False
cv2thresh: 150
minVal: 30
maxVal: 90
apertureSize: 5
rho: 1
theta: 0.017453292519943295
thresholdHough: 25
minLineLength: 10
maxLineGap: 5
offset: 20
diagonals: False
h: 0.023
minOffset: 1e-05
sogliaLateraleClusterMura: 5
th1: 0.1
distance_extended_segment: 20
threshold_edges: 0.1
sigma: 0.125
eps: 0.85
minPts: 1
division_threshold: 5
filter_level: 0.18
th_post: 750
th_margin: 1000
threshold_color: 200
tab_sliding: [[0.18, 0.1, 69.61647588501941, 59.558203289751155, 30.2372742849432, 11.78441961360111], [0.18, 0.1, 49.9907089779958, 26.742940691580575, 26.093914439667742, 11.61486047510178], [0.18, 0.1, 32.45822929899491, 13.156118367726592, 36.261378421503224, 24.104893065563083], [0.18, 0.1, 75.8010291892503, 82.43085397860006, 50.629165429997336, 33.14268283382902], [0.18, 0.1, 49.00678082095507, 27.806993981881266, 35.44035234596171, 23.681734785494008], [0.18, 0.1, 59.56135415327527, 38.539388842164286, 27.903406190674968, 6.559014974648557], [0.18, 0.1, 28.023689249276316, 11.030541655801168, 35.78025428289804, 19.602663350693202], [0.18, 0.1, 74.41874953255854, 65.3168305516772, 50.03354670989988, 18.90227540598283], [0.18, 0.1, 71.62873438462431, 59.03811054839061, 33.187336092020374, 12.271964525194255], [0.18, 0.1, 55.94342998232289, 40.78066978113182, 27.32500908478676, 11.848476974500102], [0.18, 0.1, 27.756401034126288, 14.37927668947568, 34.782461623920355, 20.44810330137167], [0.18, 0.1, 73.59837301800775, 74.39108891474591, 45.34471472266141, 23.708400343227677], [0.18, 0.1, 70.1319869568921, 57.396548642462186, 29.031634975863664, 10.15969075035028], [0.18, 0.1, 63.881371469008386, 56.540191366462366, 27.53274026533526, 10.32100896617756], [0.18, 0.1, 30.324086855048098, 14.420101757657724, 34.073222745007605, 19.497288456572264], [0.18, 0.1, 69.42543077419177, 48.514055148192334, 42.89476092138973, 15.100688099925542], [0.18, 0.1, 57.64762946996863, 44.4948232269729, 26.273837930743447, 11.704795468679992], [0.18, 0.1, 45.85958419224869, 44.18789170820844, 28.32310576291498, 26.098728559266444], [0.18, 0.1, 27.1544546850355, 18.062417912314714, 41.6039872353968, 27.98078269712045], [0.18, 0.1, 68.331463808511, 58.85992706402822, 54.391700878209825, 52.21366081431247], [0.18, 0.1, 45.09136220904819, 26.476821218458497, 33.97670993925288, 23.929290764186224], [0.18, 0.1, 36.89448347695757, 26.797794213104897, 23.33041777147558, 23.074129926525895], [0.18, 0.1, 30.558389456144923, 13.801331544752637, 33.63267905767302, 17.392045032622732], [0.18, 0.1, 66.28759260576473, 52.00779659247141, 50.25652710033046, 23.105639354875763], [0.18, 0.1, 65.82118690520457, 55.28948296475972, 41.247275672487774, 17.516428884571646], [0.18, 0.1, 62.0048305917887, 54.142643237010134, 34.495233387605865, 15.392928402666358], [0.18, 0.1, 33.48094759046727, 16.32418172728143, 50.48222807057545, 32.65027683618807], [0.18, 0.1, 74.63362560549979, 77.13260338291607, 59.09316202468358, 60.88057021747642], [0.18, 0.1, 64.0544602784038, 49.445969635828405, 34.92232658357335, 14.715043853093915], [0.18, 0.1, 51.350284375566154, 40.421230422765895, 31.791772660063, 18.1068570623988], [0.18, 0.1, 25.423047464974424, 15.385393862887032, 46.32800347660918, 28.591268948765237], [0.18, 0.1, 72.51293237331747, 54.96991546181964, 50.87273011587784, 34.79326528054368], [0.18, 0.1, 51.75711349643785, 30.95475704526871, 36.87213158749151, 25.773370479474472], [0.18, 0.1, 35.12232198746339, 25.81552849805062, 22.22187846505353, 21.536515706352123], [0.18, 0.1, 29.590590132162497, 12.702299206968352, 33.48323411301454, 17.314037124030087], [0.18, 0.1, 72.3701436007175, 64.38617072665792, 44.46597877789904, 15.742667879258232], [0.18, 0.1, 66.23449945881075, 44.21854109542478, 33.222337977833696, 13.162307839113923], [0.18, 0.1, 56.20730824332144, 41.70116030012746, 27.19572065885078, 11.88258143094623], [0.18, 0.1, 31.04701101191725, 13.907267393922435, 40.66924597658056, 22.095062935873447], [0.18, 0.1, 69.93361361827539, 61.979173710190004, 37.21944220954468, 13.355272083057354], [0.18, 0.1, 21.909593148631163, 43.81828637147786, 11.028047620025605, 11.028047620025603], [0.18, 0.1, 40.82392162106407, 42.88765539468972, 20.539514792694103, 14.159259621019729], [0.18, 0.1, 33.61754769234561, 30.662183407427467, 36.02846751596934, 27.2021259914003], [0.18, 0.1, 74.28028069577242, 75.15555991755815, 47.422380338081496, 41.87793343763334], [0.18, 0.1, 47.58126376861812, 25.504021453834802, 33.716876847967455, 22.063189474671084], [0.18, 0.1, 59.67672672717307, 39.0524791393697, 27.894722843225317, 6.578147892258467], [0.18, 0.1, 31.98376118178518, 13.474342124477934, 41.13121024749729, 24.117178402892687], [0.18, 0.1, 76.30279128305351, 60.66101165990525, 45.86528977693541, 14.31682880789894], [0.18, 0.1, 19.06239442379843, 38.12411095305832, 11.009560388105525, 11.009560388105525], [0.18, 0.1, 53.10008373991047, 61.69717907565082, 31.72630508284955, 27.317327149858027], [0.18, 0.1, 34.0711473797968, 25.235094037615045, 49.99910872567581, 42.953036223719224], [0.18, 0.1, 73.56948402763179, 75.43999457424803, 49.77167438928233, 53.49943981201479]]
tab_comparison: [[''], ['precision_micro'], ['precision_macro'], ['recall_micro'], ['recall_macro'], ['iou_micro_mean_seg_to_gt'], ['iou_macro_seg_to_gt'], ['iou_micro_mean_gt_to_seg'], ['iou_macro_gt_to_seg']]
total_index: [['map', 'map10', 'map15', 'map12', 'map13', 'map5', 'map17', 'map8', 'map6', 'map16', 'map11', 'map3', 'map14', 'map4'], ['prec micro', 82.35838037121493, 83.91333104936425, 80.17648178916107, 82.93973303930504, 82.5216684133485, 79.81353697511564, 77.43723773082299, 75.50447667715797, 82.48599113233188, 80.52530207262987, 77.80953515769508, 83.46852348575477, 74.39321636144139], ['prec macro', 85.24845646792137, 74.92462282916598, 76.72993291305667, 69.44183279927854, 81.8593758660828, 77.3204518522735, 81.48626259135402, 55.66919818341412, 73.0882314541609, 63.94388402885326, 76.80487853804337, 62.0549551327444, 76.97351348545924], ['rec micro', 94.26218576824068, 95.2903749700561, 93.28057255155962, 89.27823351196643, 93.97645997804344, 91.53687217788541, 97.09892826966862, 97.16044343707576, 94.86292909098502, 90.48878531348768, 94.5493500027801, 95.45006987041992, 94.94241447707785], ['rec macro', 96.36363636363636, 97.07016146381454, 95.80714819634008, 88.21156079223769, 86.9667402606652, 93.18200960161711, 94.16905055229584, 98.53548234427997, 97.29443732485363, 96.01896210447805, 97.48380822314648, 97.60929488129464, 96.83086585912966], ['iou mean seg', 75.8010291892503, 74.41874953255854, 73.59837301800775, 69.42543077419177, 68.331463808511, 66.28759260576473, 74.63362560549979, 72.51293237331747, 72.3701436007175, 69.93361361827539, 74.28028069577242, 76.30279128305351, 73.56948402763179], ['iou seg', 82.43085397860006, 65.3168305516772, 74.39108891474591, 48.514055148192334, 58.85992706402822, 52.00779659247141, 77.13260338291607, 54.96991546181964, 64.38617072665792, 61.979173710190004, 75.15555991755815, 60.66101165990525, 75.43999457424803], ['iou mean gt', 50.629165429997336, 50.03354670989988, 45.34471472266141, 42.89476092138973, 54.391700878209825, 50.25652710033046, 59.09316202468358, 50.87273011587784, 44.46597877789904, 37.21944220954468, 47.422380338081496, 45.86528977693541, 49.77167438928233], ['iou gt', 33.14268283382902, 18.90227540598283, 23.708400343227677, 15.100688099925542, 52.21366081431247, 23.105639354875763, 60.88057021747642, 34.79326528054368, 15.742667879258232, 13.355272083057354, 41.87793343763334, 14.31682880789894, 53.49943981201479]]
total_index_morphological: [['map', 'map10_1 morphological', 'map15_1 morphological', 'map12_1 morphological', 'map13_1 morphological', 'map5_1 morphological', 'map17_1 morphological', 'map8_1 morphological', 'map6_1 morphological', 'map16_1 morphological', 'map11_1 morphological', 'map3_1 morphological', 'map14_1 morphological', 'map4_1 morphological'], ['prec micro', 81.50631671694708, 71.9297620782779, 82.11438837394999, 80.54857458208022, 58.35014249622099, 74.23729466653451, 81.16160012912236, 71.33940073006423, 73.95276959894095, 83.30962218322053, 21.909593148631163, 70.29952228403155, 19.06239442379843], ['prec macro', 67.39046141915472, 71.39486238322951, 65.86521929676702, 63.66956399383439, 43.65195942575245, 68.7237708862659, 65.33680283794635, 57.05071938327673, 75.32391571141342, 68.06328743041313, 42.79954263705844, 64.91589566186458, 37.09323045516669], ['rec micro', 96.70272404395091, 91.56619474956315, 96.88925118448427, 96.20611380840288, 99.71507843481734, 88.92895834485424, 93.62756883368564, 96.10419537869754, 89.2420696757497, 96.48315508432312, 100.0, 93.28045847986377, 100.0], ['rec macro', 86.89349338634452, 70.5457907191739, 88.22430165277815, 87.6250582238288, 99.72509080549818, 71.10829192285017, 82.17827984381199, 81.54365945363237, 72.01912186198865, 83.59032100748732, 100.0, 75.33121906399123, 100.0], ['iou mean seg', 69.61647588501941, 49.00678082095507, 71.62873438462431, 70.1319869568921, 57.64762946996863, 45.09136220904819, 65.82118690520457, 64.0544602784038, 51.75711349643785, 66.23449945881075, 21.909593148631163, 47.58126376861812, 19.06239442379843], ['iou seg', 59.558203289751155, 27.806993981881266, 59.03811054839061, 57.396548642462186, 44.4948232269729, 26.476821218458497, 55.28948296475972, 49.445969635828405, 30.95475704526871, 44.21854109542478, 43.81828637147786, 25.504021453834802, 38.12411095305832], ['iou mean gt', 30.2372742849432, 35.44035234596171, 33.187336092020374, 29.031634975863664, 26.273837930743447, 33.97670993925288, 41.247275672487774, 34.92232658357335, 36.87213158749151, 33.222337977833696, 11.028047620025605, 33.716876847967455, 11.009560388105525], ['iou gt', 11.78441961360111, 23.681734785494008, 12.271964525194255, 10.15969075035028, 11.704795468679992, 23.929290764186224, 17.516428884571646, 14.715043853093915, 25.773370479474472, 13.162307839113923, 11.028047620025603, 22.063189474671084, 11.009560388105525]]
total_index_distance: [['map', 'map10_2 distance', 'map15_2 distance', 'map12_2 distance', 'map13_2 distance', 'map5_2 distance', 'map17_2 distance', 'map8_2 distance', 'map6_2 distance', 'map16_2 distance', 'map11_2 distance', 'map3_2 distance', 'map14_2 distance', 'map4_2 distance'], ['prec micro', 83.50205519562293, 83.43478531563312, 83.00058858929334, 84.11552656097369, 69.44157007739408, 67.54064536080394, 79.5213392515033, 64.496565281994, 69.7361001309557, 83.56521727486225, 68.1885178622492, 83.54357324918892, 69.4579967400557], ['prec macro', 66.28463626331018, 54.846652341679444, 64.27131443212082, 65.61006965097761, 76.40236128817693, 69.42959601343345, 63.95238918083776, 60.27935732549709, 69.71251011828603, 66.41622368255828, 67.26645403301839, 55.878597216256686, 78.47516564884177], ['rec micro', 95.6876068481383, 95.61616308517087, 94.16482897157256, 94.64315418651104, 95.24754823537258, 90.96396825451549, 93.50810154789306, 95.06504507202858, 89.58296927812381, 94.15012497711177, 92.95088113985753, 95.62152751030253, 96.88642426522236], ['rec macro', 79.00680480159033, 95.57587985278128, 83.31787602779546, 86.13518424971626, 79.90883840182323, 65.56367388191696, 82.23570190641247, 81.14926511187652, 61.389897743769176, 82.8423075819731, 71.99081258923583, 95.49601351551617, 91.32884701659937], ['iou mean seg', 49.9907089779958, 59.56135415327527, 55.94342998232289, 63.881371469008386, 45.85958419224869, 36.89448347695757, 62.0048305917887, 51.350284375566154, 35.12232198746339, 56.20730824332144, 40.82392162106407, 59.67672672717307, 53.10008373991047], ['iou seg', 26.742940691580575, 38.539388842164286, 40.78066978113182, 56.540191366462366, 44.18789170820844, 26.797794213104897, 54.142643237010134, 40.421230422765895, 25.81552849805062, 41.70116030012746, 42.88765539468972, 39.0524791393697, 61.69717907565082], ['iou mean gt', 26.093914439667742, 27.903406190674968, 27.32500908478676, 27.53274026533526, 28.32310576291498, 23.33041777147558, 34.495233387605865, 31.791772660063, 22.22187846505353, 27.19572065885078, 20.539514792694103, 27.894722843225317, 31.72630508284955], ['iou gt', 11.61486047510178, 6.559014974648557, 11.848476974500102, 10.32100896617756, 26.098728559266444, 23.074129926525895, 15.392928402666358, 18.1068570623988, 21.536515706352123, 11.88258143094623, 14.159259621019729, 6.578147892258467, 27.317327149858027]]
total_index_voronoi: [['map', 'map10_3 voronoi', 'map15_3 voronoi', 'map12_3 voronoi', 'map13_3 voronoi', 'map5_3 voronoi', 'map17_3 voronoi', 'map8_3 voronoi', 'map6_3 voronoi', 'map16_3 voronoi', 'map11_3 voronoi', 'map3_3 voronoi', 'map14_3 voronoi', 'map4_3 voronoi'], ['prec micro', 79.9496328240801, 72.73950687512784, 77.11501428042693, 75.01177510612594, 80.83714978371553, 74.35560335859103, 84.63992357579845, 75.4129836678083, 75.31262508301964, 78.54210738564326, 83.86795306574982, 76.46266298454779, 78.30094108210159], ['prec macro', 73.82781042145137, 56.17408849194362, 72.71280720089, 65.87421890489988, 72.03591818635331, 57.76485259949599, 77.9937182992651, 73.49031281405438, 60.1180249105674, 77.65895106944038, 81.7676676495958, 66.9450796930685, 78.55128626541875], ['rec micro', 93.54807852276599, 91.28296077901442, 89.24993057841965, 90.53793013060915, 89.89960501432748, 91.29182199630951, 91.28069645835264, 90.94432287692413, 90.46199013074656, 90.91114510737025, 83.96890128664798, 91.23733437309157, 88.62424485628081], ['rec macro', 56.24665494303846, 58.93632732325904, 58.9656986240691, 54.97969546477376, 65.45402749091946, 62.87743198854544, 64.46096343780668, 66.84852627980963, 60.44284445673386, 59.62161852032474, 68.20204026734538, 58.31826669433, 64.30506953790938], ['iou mean seg', 32.45822929899491, 28.023689249276316, 27.756401034126288, 30.324086855048098, 27.1544546850355, 30.558389456144923, 33.48094759046727, 25.423047464974424, 29.590590132162497, 31.04701101191725, 33.61754769234561, 31.98376118178518, 34.0711473797968], ['iou seg', 13.156118367726592, 11.030541655801168, 14.37927668947568, 14.420101757657724, 18.062417912314714, 13.801331544752637, 16.32418172728143, 15.385393862887032, 12.702299206968352, 13.907267393922435, 30.662183407427467, 13.474342124477934, 25.235094037615045], ['iou mean gt', 36.261378421503224, 35.78025428289804, 34.782461623920355, 34.073222745007605, 41.6039872353968, 33.63267905767302, 50.48222807057545, 46.32800347660918, 33.48323411301454, 40.66924597658056, 36.02846751596934, 41.13121024749729, 49.99910872567581], ['iou gt', 24.104893065563083, 19.602663350693202, 20.44810330137167, 19.497288456572264, 27.98078269712045, 17.392045032622732, 32.65027683618807, 28.591268948765237, 17.314037124030087, 22.095062935873447, 27.2021259914003, 24.117178402892687, 42.953036223719224]]
comp: [0.010899897410296067, -3.1282705567549876, -1.5489965319743044, 1.5901739221909779]
voronoi_closeness: 10
blur: 8
iterations: 5
