bormann: False
cv2thresh: 150
minVal: 30
maxVal: 90
apertureSize: 5
rho: 1
theta: 0.017453292519943295
thresholdHough: 25
minLineLength: 10
maxLineGap: 5
offset: 20
diagonals: False
h: 0.023
minOffset: 1e-05
sogliaLateraleClusterMura: 5
th1: 0.1
distance_extended_segment: 20
threshold_edges: 0.1
sigma: 0.125
eps: 0.85
minPts: 1
division_threshold: 5
filter_level: 0.01
th_post: 750
th_margin: 1000
threshold_color: 200
tab_sliding: [[0.01, 0.1, 67.3211136675988, 62.7605245453973, 82.43356328563094, 78.5154934873573], [0.01, 0.1, 63.386113112891216, 59.79468707789284, 78.69382894376359, 73.20434948817058], [0.01, 0.1, 27.334850990615884, 25.520466704769518, 64.67125240422108, 58.88854235702312], [0.01, 0.1, 31.619683095766522, 30.544692215430512, 52.333248441078254, 48.37017404847127], [0.01, 0.1, 54.78331578582251, 27.03346183938104, 44.32434112752111, 24.055500892216866], [0.01, 0.1, 61.82324638424248, 35.297158211130345, 43.17728726174467, 14.721426571619322], [0.01, 0.1, 34.043816834048435, 11.752916628771253, 69.82869764764804, 49.269214863827024], [0.01, 0.1, 54.324053804321125, 23.423575498990086, 59.24124495436632, 30.736816193172285], [0.01, 0.1, 33.02434896746383, 22.286421130840775, 35.04217620478226, 18.499487488318323], [0.01, 0.1, 39.31218565553726, 25.25748116254037, 43.83075170746984, 30.660172645446654], [0.01, 0.1, 10.235655080041285, 8.309012589205432, 41.508855750650966, 30.896455354231684], [0.01, 0.1, 23.952543011514948, 21.16582388679576, 46.13334457739578, 42.674226894055046], [0.01, 0.1, 55.64247556968491, 47.68716045750032, 38.84060129673714, 21.170227041810712], [0.01, 0.1, 52.387143127376426, 74.8781048380477, 45.059148499495336, 21.593030202301726], [0.01, 0.1, 44.22804287870198, 15.07433078201926, 72.75413411777821, 45.29714390173838], [0.01, 0.1, 45.47173900346744, 20.00979980689832, 58.2392733075664, 46.54820147884583], [0.01, 0.1, 45.08169983795315, 26.18213573936339, 35.18287936078144, 24.482585103464814], [0.01, 0.1, 36.909921777824735, 26.499706724018413, 24.153584165160026, 23.730963254999267], [0.01, 0.1, 30.56285512932091, 13.707833714365696, 34.87483887049259, 18.217140268751137], [0.01, 0.1, 62.56287782353982, 36.948161688625234, 47.21450875576511, 17.986731971353315], [0.01, 0.1, 58.55856610481885, 52.49189945740744, 80.35919284140766, 77.6925166782383], [0.01, 0.1, 71.81102221098318, 67.18094646639261, 90.8420811303422, 89.97772527843402], [0.01, 0.1, 34.04732378580606, 29.47010273433943, 65.19379773007516, 58.00081014137631], [0.01, 0.1, 39.52310197909813, 39.76510436140497, 65.88616420943862, 70.31113307466794], [0.01, 0.1, 42.92507193172618, 24.593173095345517, 68.02964595213254, 44.22583307118205], [0.01, 0.1, 46.61223142654672, 31.526274244474518, 59.21746459192948, 44.889314060200746], [0.01, 0.1, 18.367597727732445, 11.337227407073575, 52.159988301640084, 40.415896355532624], [0.01, 0.1, 28.872155120839572, 25.387957029042298, 48.16496247475871, 43.11924885562968], [0.01, 0.1, 48.97221488981926, 27.199627336763925, 37.590449722172266, 20.067911138275566], [0.01, 0.1, 76.20244638781908, 69.28308158177805, 44.97078503172118, 11.799652075699047], [0.01, 0.1, 29.885501617993043, 11.17997426626182, 65.83717693759151, 48.92309553049756], [0.01, 0.1, 40.676561392790255, 18.11098064093588, 46.89202374606414, 25.261234612578203], [0.01, 0.1, 31.747220636824764, 14.073724718694095, 38.103641671421144, 34.26923942263756], [0.01, 0.1, 27.45138437189376, 11.93546182022698, 31.630507033564548, 29.364816011456714], [0.01, 0.1, 19.26461267153686, 7.910183537949761, 37.64329406594564, 28.82894025175228], [0.01, 0.1, 30.771306444283937, 14.929585766318246, 37.26524474534963, 34.12175724068855], [0.01, 0.1, 52.3630521047175, 49.72888346956901, 43.68056013008197, 31.355080474029158], [0.01, 0.1, 60.12171277319487, 59.67647338111011, 59.663784683605336, 50.42764100393002], [0.01, 0.1, 46.51107540264754, 31.302486969016062, 29.21773521769188, 12.497700224883795], [0.01, 0.1, 67.71217765572518, 63.19460739350242, 76.32043602377003, 67.38896252369662]]
tab_comparison: [[''], ['precision_micro'], ['precision_macro'], ['recall_micro'], ['recall_macro'], ['iou_micro_mean_seg_to_gt'], ['iou_macro_seg_to_gt'], ['iou_micro_mean_gt_to_seg'], ['iou_macro_gt_to_seg']]
total_index: [['map', 'freiburg_building79', 'map23', 'map_with_clutter', 'freiburg_building101', 'map17', 'freiburg_building52', 'g4s_y2', 'NOGT-intel_map', 'ubremen-cartesium-demo4', 'photo_2020-01-08_09-53-31'], ['prec micro', 92.34439790286147, 85.65306388158598, 65.75084955968298, 93.09836452955575, 79.21933598915777, 98.8327271773777, 92.47012481537065, 81.3390720374673, 80.11471370237618, 91.69546445471974], ['prec macro', 87.64795351286001, 74.95762317220826, 66.89801266015259, 95.72906569602975, 66.52194836713255, 97.93486356557655, 85.46564644868826, 68.54083484573503, 74.98578680544576, 90.4172163196929], ['rec micro', 61.571527794769345, 85.17991370537011, 67.80160359355754, 79.08769085269128, 90.66798896239006, 66.89749910799794, 55.0481805312916, 84.61046110322654, 66.27895171430723, 88.65224977161162], ['rec macro', 60.55324264102263, 66.19898881332568, 61.72056956994593, 66.41119197287276, 89.1854540083765, 71.53893716918185, 52.12699252096397, 67.88134070417622, 59.63379225073283, 87.10577956759893], ['iou mean seg', 31.619683095766522, 54.324053804321125, 23.952543011514948, 45.47173900346744, 62.56287782353982, 39.52310197909813, 28.872155120839572, 40.676561392790255, 30.771306444283937, 67.71217765572518], ['iou seg', 30.544692215430512, 23.423575498990086, 21.16582388679576, 20.00979980689832, 36.948161688625234, 39.76510436140497, 25.387957029042298, 18.11098064093588, 14.929585766318246, 63.19460739350242], ['iou mean gt', 52.333248441078254, 59.24124495436632, 46.13334457739578, 58.2392733075664, 47.21450875576511, 65.88616420943862, 48.16496247475871, 46.89202374606414, 37.26524474534963, 76.32043602377003], ['iou gt', 48.37017404847127, 30.736816193172285, 42.674226894055046, 46.54820147884583, 17.986731971353315, 70.31113307466794, 43.11924885562968, 25.261234612578203, 34.12175724068855, 67.38896252369662]]
total_index_morphological: [['map', 'freiburg_building79_1 morphological', 'map23_1 morphological', 'map_with_clutter_1 morphological', 'freiburg_building101_1 morphological', 'map17_1 morphological', 'freiburg_building52_1 morphological', 'g4s_y2_1 morphological', 'NOGT-intel_map_1 morphological', 'ubremen-cartesium-demo4_1 morphological', 'photo_2020-01-08_09-53-31_1 morphological'], ['prec micro', 93.70053433247944, 82.47374338660428, 82.09485542703368, 80.95388062008732, 74.26669718288483, 92.36771568183386, 93.23279392553808, 81.91490358373935, 90.77529112112036, 82.25102256609101], ['prec macro', 93.45077720207254, 70.95836825929031, 59.100503845133915, 87.65876036700189, 68.72842809018417, 93.61156510500366, 79.8090615535811, 71.45618409314454, 81.7009006385758, 63.20486132370048], ['rec micro', 88.9118883992124, 91.60263259545013, 60.96823581173042, 88.591682811582, 89.37381160572451, 89.53348258612867, 82.33839506422983, 81.23442650969655, 59.325284103106625, 80.59263637978638], ['rec macro', 87.74676517728001, 69.52221670626906, 59.840928188060026, 65.69533403398839, 71.08999989450253, 87.43859267664585, 73.2828435446098, 62.469479002610804, 51.31423570108778, 83.15444601812194], ['iou mean seg', 67.3211136675988, 54.78331578582251, 33.02434896746383, 55.64247556968491, 45.08169983795315, 58.55856610481885, 42.92507193172618, 48.97221488981926, 31.747220636824764, 52.3630521047175], ['iou seg', 62.7605245453973, 27.03346183938104, 22.286421130840775, 47.68716045750032, 26.18213573936339, 52.49189945740744, 24.593173095345517, 27.199627336763925, 14.073724718694095, 49.72888346956901], ['iou mean gt', 82.43356328563094, 44.32434112752111, 35.04217620478226, 38.84060129673714, 35.18287936078144, 80.35919284140766, 68.02964595213254, 37.590449722172266, 38.103641671421144, 43.68056013008197], ['iou gt', 78.5154934873573, 24.055500892216866, 18.499487488318323, 21.170227041810712, 24.482585103464814, 77.6925166782383, 44.22583307118205, 20.067911138275566, 34.26923942263756, 31.355080474029158]]
total_index_distance: [['map', 'freiburg_building79_2 distance', 'map23_2 distance', 'map_with_clutter_2 distance', 'freiburg_building101_2 distance', 'map17_2 distance', 'freiburg_building52_2 distance', 'g4s_y2_2 distance', 'NOGT-intel_map_2 distance', 'ubremen-cartesium-demo4_2 distance', 'photo_2020-01-08_09-53-31_2 distance'], ['prec micro', 96.459328532925, 87.7608357263556, 79.72822013732917, 90.17705319037492, 67.5809004858594, 94.78772453017234, 87.08771649238787, 92.64629947510312, 93.43285331807789, 91.76519030037302], ['prec macro', 98.30051813471503, 72.18543354754587, 62.22275258552108, 91.37084819103329, 69.43425321735171, 99.12741993941177, 80.74530175093764, 77.71862204634353, 86.85399301974772, 81.76467887099736], ['rec micro', 85.01644709571204, 94.31647913324375, 62.59805888786848, 84.27090840776961, 91.48707157480429, 91.30117730355482, 69.96662546584908, 85.25236188223963, 53.97665378672365, 77.64642529560327], ['rec macro', 84.21533560064111, 82.36496223714207, 52.05387851092232, 92.10275833349858, 65.5339754612877, 90.57503754085327, 57.95950744126313, 89.22489879184415, 46.71788388602548, 80.48768834360015], ['iou mean seg', 63.386113112891216, 61.82324638424248, 39.31218565553726, 52.387143127376426, 36.909921777824735, 71.81102221098318, 46.61223142654672, 76.20244638781908, 27.45138437189376, 60.12171277319487], ['iou seg', 59.79468707789284, 35.297158211130345, 25.25748116254037, 74.8781048380477, 26.499706724018413, 67.18094646639261, 31.526274244474518, 69.28308158177805, 11.93546182022698, 59.67647338111011], ['iou mean gt', 78.69382894376359, 43.17728726174467, 43.83075170746984, 45.059148499495336, 24.153584165160026, 90.8420811303422, 59.21746459192948, 44.97078503172118, 31.630507033564548, 59.663784683605336], ['iou gt', 73.20434948817058, 14.721426571619322, 30.660172645446654, 21.593030202301726, 23.730963254999267, 89.97772527843402, 44.889314060200746, 11.799652075699047, 29.364816011456714, 50.42764100393002]]
total_index_voronoi: [['map', 'freiburg_building79_3 voronoi', 'map23_3 voronoi', 'map_with_clutter_3 voronoi', 'freiburg_building101_3 voronoi', 'map17_3 voronoi', 'freiburg_building52_3 voronoi', 'g4s_y2_3 voronoi', 'NOGT-intel_map_3 voronoi', 'ubremen-cartesium-demo4_3 voronoi', 'photo_2020-01-08_09-53-31_3 voronoi'], ['prec micro', 96.14359412613017, 81.89919532943225, 72.64246020653268, 90.99480950329252, 74.37739934812895, 96.89064427840049, 95.51414894754228, 94.2667752117017, 93.20009539619137, 75.578384236215], ['prec macro', 98.93264248704664, 83.0450777684642, 73.9803765579422, 94.00016026283105, 57.772097138924394, 97.37610525667941, 92.73551414990273, 90.03591280279983, 73.38445175092713, 39.18141186554828], ['rec micro', 64.78608243304531, 84.38260254406593, 55.914757838428464, 82.46793801393592, 90.94070261011825, 66.28219491401624, 54.61857236976856, 76.76662831664456, 51.01099605326455, 82.76574226831129], ['rec macro', 59.04968531331848, 60.293812867808306, 41.84441545398803, 51.59332923516231, 62.793678591397736, 59.34784233521094, 42.60935257233512, 55.582039383977936, 54.241049721454274, 84.15337098783338], ['iou mean seg', 27.334850990615884, 34.043816834048435, 10.235655080041285, 44.22804287870198, 30.56285512932091, 34.04732378580606, 18.367597727732445, 29.885501617993043, 19.26461267153686, 46.51107540264754], ['iou seg', 25.520466704769518, 11.752916628771253, 8.309012589205432, 15.07433078201926, 13.707833714365696, 29.47010273433943, 11.337227407073575, 11.17997426626182, 7.910183537949761, 31.302486969016062], ['iou mean gt', 64.67125240422108, 69.82869764764804, 41.508855750650966, 72.75413411777821, 34.87483887049259, 65.19379773007516, 52.159988301640084, 65.83717693759151, 37.64329406594564, 29.21773521769188], ['iou gt', 58.88854235702312, 49.269214863827024, 30.896455354231684, 45.29714390173838, 18.217140268751137, 58.00081014137631, 40.415896355532624, 48.92309553049756, 28.82894025175228, 12.497700224883795]]
comp: [1.5707963267948966, -1.5734121408278607, -0.0039237210494458274, 3.140284746573312]
voronoi_closeness: 10
blur: 8
iterations: 5
